0.000000000000000000e+00
1.163170948073283917e+01
8.212617311913632534e+00
2.103775534542414061e+00
2.183522264852008288e+00
4.298007919169397617e-01
-2.187004444465297404e+00
-1.755816648479630926e+00
-6.315398270759497557e+00
-1.209308112309641636e+01
-3.687292417912495957e+00
1.016423220589267729e+01
9.996283920681133139e+00
2.905135836290945850e+00
2.004314745012867327e+00
1.219566577983867361e+00
-1.928355384493424474e+00
-1.756730630531309956e+00
-4.573348994083419328e+00
-1.161989233301430957e+01
-7.004033189263568104e+00
7.751323864128677243e+00
1.136956590456716398e+01
4.179571377582917968e+00
1.794342402357528732e+00
1.817033649736246925e+00
-1.394394673410104257e+00
-1.946919335904224502e+00
-3.186970021376503759e+00
-1.039767333907526492e+01
-9.632615337996151439e+00
4.583290432683176263e+00
1.205548428818073248e+01
5.846447455892256784e+00
1.728556759536853171e+00
2.147727579377469276e+00
-6.435180805221853984e-01
-2.149541495815462611e+00
-2.262839499239264196e+00
-8.690496657749690712e+00
-1.135261829111970400e+01
9.566060539280327735e-01
1.184452909041022650e+01
7.727483883360820371e+00
1.974708571143044766e+00
2.205740955983074514e+00
2.114411663881932413e-01
-2.208810450652112234e+00
-1.806103966611858125e+00
-6.794820618999936279e+00
-1.206916533982202822e+01
-2.766864104013667891e+00
1.063354584358624066e+01
9.568041374052224768e+00
2.654662231246176507e+00
2.059546407821946090e+00
1.031952229679237387e+00
-2.021356008399114224e+00
-1.731545133959845773e+00
-4.990801445909539780e+00
-1.182098490506399990e+01
-6.211378505138863027e+00
8.448838538133557563e+00
1.107408312791016058e+01
3.811884770127584865e+00
1.841388910578610538e+00
1.687963190970126259e+00
-1.554798063330844027e+00
-1.890222726676486831e+00
-3.499465031879697374e+00
-1.076728322955805339e+01
-9.041118687869927228e+00
5.449050543570078453e+00
1.195887128243364650e+01
5.391855833883779425e+00
1.721868641863387506e+00
2.090286237238708988e+00
-8.503162071116903142e-01
-2.105940847793456250e+00
-2.452841514257400934e+00
-9.156174962505913228e+00
-1.100742096478824905e+01
1.906830816604259349e+00
1.199148774059928613e+01
7.239918488437421473e+00
1.874327193344456521e+00
2.214313724937792660e+00
-9.208352087947511630e-03
-2.214161570156215397e+00
-1.881634883095204991e+00
-7.280527070827244707e+00
-1.198173659368179145e+01
-1.828044021116058238e+00
1.103869790780561289e+01
9.117956672563394704e+00
2.435810327183667301e+00
2.109885154620181336e+00
8.334009934970596500e-01
-2.095777906513858646e+00
-1.721703885016802493e+00
-5.429100999989063148e+00
-1.196910716424164356e+01
-5.378195632013621719e+00
9.092628191113449887e+00
1.073781415156202179e+01
3.472277672273405003e+00
1.894849068722966212e+00
1.542017883003412360e+00
-1.699377571202677739e+00
-1.837181707996735636e+00
-3.841477390695826166e+00
-1.110032651451059493e+01
-8.392713044340032624e+00
6.279050349817419274e+00
1.180620126081885424e+01
4.955175852324769536e+00
1.733097450259712291e+00
2.014314127693878298e+00
-1.048031271086628857e+00
-2.055094035906745553e+00
-2.674327993916871371e+00
-9.604631962638718434e+00
-1.059686514646644540e+01
2.844353523082832069e+00
1.207355996968933098e+01
6.754569150238875608e+00
1.800978025234813984e+00
2.207637880702732147e+00
-2.297580618573528133e-01
-2.204386414948708683e+00
-1.984348090358886818e+00
-7.768070047005142698e+00
-1.182931907739322952e+01
-8.770448329110782648e-01
1.137840689822383311e+01
8.651070531279545506e+00
2.248412939473810823e+00
2.152771807798962822e+00
6.259418224362237604e-01
-2.151687022850224729e+00
-1.730007389983949206e+00
-5.885029745711980453e+00
-1.206090903599502973e+01
-4.509700489587036287e+00
9.679240918111663206e+00
1.036537084581242496e+01
3.162300189143903317e+00
1.951715811500225772e+00
1.380355518334808407e+00
-1.826998293184380895e+00
-1.790806156686241213e+00
-4.211420183059492395e+00
-1.139220947172108112e+01
-7.690892914199201513e+00
7.068103832639469175e+00
1.160085814277615235e+01
4.539593849137874670e+00
1.759431225986103575e+00
1.919772492924788132e+00
-1.234648024231458363e+00
-1.999575732650267001e+00
-2.927430949771759661e+00
-1.003082733644024316e+01
-1.012228070602116148e+01
3.762973801220320436e+00
1.209226625483568363e+01
6.275863376918507264e+00
1.752697866155656259e+00
2.184410379284898340e+00
-4.478198846265254440e-01
-2.181111872747402813e+00
-2.115869646471760568e+00
-8.252785201133322701e+00
-1.161098463807146430e+01
7.980535178752537484e-02
1.165197377257373113e+01
8.172399119039550186e+00
2.091889948283279121e+00
2.185850827077835845e+00
4.117494172185362511e-01
-2.189476998621253667e+00
-1.759095481314057796e+00
-6.355006056176119245e+00
-1.209346853491465978e+01
-3.611441246847590492e+00
1.020575071922444188e+01
9.961553976255173026e+00
2.883058757093567515e+00
2.009038654517136813e+00
1.204396216878375725e+00
-1.936810864886233663e+00
-1.754116370941372960e+00
-4.607268784528471883e+00
-1.163858442523854286e+01
-6.939647274126120813e+00
7.811408880939559651e+00
1.134660858329375444e+01
4.147904005859698984e+00
1.797944183977597810e+00
1.806945577671099645e+00
-1.408333519152984215e+00
-1.942127658769001730e+00
-3.211853031420121241e+00
-1.042975506105102923e+01
-9.585573611061896315e+00
4.656670226195546824e+00
1.204964943958721690e+01
5.807965075679200062e+00
1.727249103218207793e+00
2.143641805227058938e+00
-6.610462238548691083e-01
-2.146244245782685578e+00
-2.277481133711791284e+00
-8.729838097026501487e+00
-1.132637027857072454e+01
1.036122925588526922e+00
1.185928141113077849e+01
7.686880931326857791e+00
1.965268454187834024e+00
2.207000571764492491e+00
1.931083474335327232e-01
-2.209868570529309739e+00
-1.811405370433655015e+00
-6.835115877161517695e+00
-1.206432934586128525e+01
-2.689246864109334112e+00
1.066978064225123646e+01
9.531299086784409624e+00
2.635216310248222449e+00
2.063964703234177911e+00
1.015797134262188317e+00
-2.028268683874455469e+00
-1.730099442494139605e+00
-5.026572035656326598e+00
-1.183540047758868674e+01
-6.143424995950296008e+00
8.504590655408158284e+00
1.104755636475185199e+01
3.782487398510664178e+00
1.845640644260720498e+00
1.676431460813483820e+00
-1.567468203429131179e+00
-1.885621740052228157e+00
-3.526857628325602789e+00
-1.079649826157228176e+01
-8.989213681879524742e+00
5.519656926084115511e+00
1.194824587137435223e+01
5.354735264939959549e+00
1.722157912191286888e+00
2.084665693487871341e+00
-8.671682583150110979e-01
-2.101946104640358914e+00
-2.470091581966382677e+00
-9.194273671667486880e+00
-1.097568980828698848e+01
1.985529334080311958e+00
1.200078797319888579e+01
7.199325422312834455e+00
1.867207405574974555e+00
2.214359814023743933e+00
-2.762436221316714319e-02
-2.213904200040956560e+00
-1.889131518674596055e+00
-7.321148531683649985e+00
-1.197153382070148808e+01
-1.749172582066764292e+00
1.106952004983155824e+01
9.079621720150942821e+00
2.418997811925664543e+00
2.113777593510215880e+00
8.164238353082721167e-01
-2.101140826118450544e+00
-1.721665225839131841e+00
-5.466468800428486041e+00
-1.197895168591554338e+01
-5.307095305149586828e+00
9.143740329708615278e+00
1.070809375429100641e+01
3.445296329267381719e+00
1.899499034971953382e+00
1.529128405409430957e+00
-1.710674017683479597e+00
-1.833020787319843858e+00
-3.871264224570521773e+00
-1.112628392395254195e+01
-8.336216332039278143e+00
6.346437624083201889e+00
1.179105161095524323e+01
4.919696998235716379e+00
1.734754727629628679e+00
2.007143105972124975e+00
-1.064033135929603580e+00
-2.050609126854065156e+00
-2.694213562585839217e+00
-9.641067936924567761e+00
-1.055973947459403561e+01
2.921711572301069371e+00
1.207751425767780518e+01
6.714363969123595233e+00
1.796026332112529822e+00
2.206350188094791775e+00
-2.480576570259070968e-01
-2.202937967267493580e+00
-1.994187865806336779e+00
-7.808636670957959325e+00
-1.181365098273125902e+01
-7.974429480331005626e-01
1.140373585018708269e+01
8.611562607422660776e+00
2.234201011307069606e+00
2.155933876507730051e+00
6.083187425221761035e-01
-2.155520450615524553e+00
-1.731602474418785897e+00
-5.923709779451611368e+00
-1.206592211047736818e+01
-4.435903689749529200e+00
9.725448800817783734e+00
1.033285040307292668e+01
3.137844056995782172e+00
1.956515398216796209e+00
1.366216942499741904e+00
-1.836839094599491684e+00
-1.787337192328209756e+00
-4.243449135523983173e+00
-1.141453684032141958e+01
-7.630118466886767870e+00
7.131856532652565583e+00
1.158148413049807957e+01
4.506004859779480398e+00
1.762216439268434076e+00
1.911062439542458247e+00
-1.249639547210413149e+00
-1.994823244085933034e+00
-2.949943810020715595e+00
-1.006518134228237038e+01
-1.007989747432834093e+01
3.838481966649274213e+00
1.209102524772422882e+01
6.236403709355215597e+00
1.749737771114767249e+00
2.181694315141595730e+00
-4.658053522341116803e-01
-2.178620825528403415e+00
-2.128172930676192731e+00
-8.292899949720432318e+00
-1.158979918624325123e+01
1.596070019801673900e-01
1.167177759976898876e+01
8.132133453450460792e+00
2.080212223195895938e+00
2.188096397152154093e+00
3.936671072998987886e-01
-2.191828545274792095e+00
-1.762535716318942569e+00
-6.394684383975837605e+00
-1.209342719666301491e+01
-3.535423729304233653e+00
1.024683501859865409e+01
9.926640388492160127e+00
2.861199978500372332e+00
2.013745840958850231e+00
1.189137959520953913e+00
-1.945138699957001727e+00
-1.751590161704537074e+00
-4.641351690494950333e+00
-1.165693215994689069e+01
-6.874948779304368429e+00
7.871145551264115525e+00
1.132333996646753072e+01
4.116419333987624718e+00
1.801609754760721493e+00
1.796734504978758640e+00
-1.422171178556712157e+00
-1.937342471995389337e+00
-3.236948675560221034e+00
-1.046161319665385747e+01
-9.538117314342560604e+00
4.729836591061147288e+00
1.204340608511757793e+01
5.769584754557147477e+00
1.726082931548392985e+00
2.139429401252432417e+00
-6.785249649680048512e-01
-2.142881374120921834e+00
-2.292338266932663515e+00
-8.769091955754207746e+00
-1.129966313839850045e+01
1.115591765320250062e+00
1.187357645614525126e+01
7.646263933786793032e+00
1.956026869001469271e+00
2.208164257279842779e+00
1.747609836088025448e-01
-2.210812928035040592e+00
-1.816883437486686459e+00
-6.875452413902607418e+00
-1.205905099093132726e+01
-2.611505360797774955e+00
1.070556864662714958e+01
9.494408017884383710e+00
2.615990245902396261e+00
2.068347390999383251e+00
9.995671160709802550e-01
-2.035052105547415113e+00
-1.728762033956335431e+00
-5.062485859374019626e+00
-1.184944593095329779e+01
-6.075192746517654285e+00
8.559967262169275060e+00
1.102074883730872834e+01
3.753286290304428618e+00
1.849935158923180945e+00
1.664782978284477633e+00
-1.580027573109858530e+00
-1.881047842641660361e+00
-3.554454660422182943e+00
-1.082545653023304055e+01
-8.936915060344650996e+00
5.590011682072542065e+00
1.193723278246365993e+01
5.317741238290754069e+00
1.722570104226934795e+00
2.078916166289383582e+00
-8.839559364550031439e-01
-2.097902366489066139e+00
-2.487560719106629126e+00
-9.232249880760807770e+00
-1.094350505393607165e+01
2.064135944910445275e+00
1.200963802959815752e+01
7.158750499590659899e+00
1.860274460971504285e+00
2.214299001538673206e+00
-4.603829026482885584e-02
-2.213542479374345007e+00
-1.896818128826594396e+00
-7.361780222728649292e+00
-1.196087873636884957e+01
-1.670220139484225319e+00
1.109988683149653532e+01
9.041173022386747249e+00
2.402403739711610253e+00
2.117616742700602295e+00
7.993859574275172797e-01
-2.106375136698865447e+00
-1.721754240759018284e+00
-5.503957254796330467e+00
-1.198840303725002343e+01
-5.235752692765085925e+00
9.194453267160419330e+00
1.067812477357190559e+01
3.418521761182094831e+00
1.904170896945245994e+00
1.516130386192306334e+00
-1.721851960387718705e+00
-1.828907899862888264e+00
-3.901244214955441603e+00
-1.115195276751685505e+01
-8.279350583131325436e+00
6.413537440579557547e+00
1.177553804006125304e+01
4.884366608023616330e+00
1.736515296811028453e+00
1.999843023061195435e+00
-1.079956710465707737e+00
-2.046093228109385986e+00
-2.714318880831939396e+00
-9.677346382940992697e+00
-1.052216977950262589e+01
2.998934711297049027e+00
1.208102925123545290e+01
6.674207561156835666e+00
1.791247659798952174e+00
2.204946715404022317e+00
-2.663385770356854199e-01
-2.201396645054909840e+00
-2.004228734814490487e+00
-7.849180995692258911e+00
-1.179752444437815839e+01
-7.178040874729390008e-01
1.142860492542626361e+01
8.571975772225490786e+00
2.220203252652396042e+00
2.159026408026254451e+00
5.906501390156492226e-01
-2.159228193456051326e+00
-1.733343482915167932e+00
-5.962485375356990858e+00
-1.207052196156917567e+01
-4.361903339578018901e+00
9.771237462048587119e+00
1.030011483917221327e+01
3.113602125774267204e+00
1.961316413437287576e+00
1.351979845935582514e+00
-1.846555655200643908e+00
-1.783937253049685756e+00
-4.275656927597958123e+00
-1.143654558026742585e+01
-7.569002980144187376e+00
7.195288638343679821e+00
1.156177258843591105e+01
4.472583516132344172e+00
1.765084548970014877e+00
1.902225488879029758e+00
-1.264540148824067733e+00
-1.990058912275445735e+00
-2.972674108295909612e+00
-1.009934306125631664e+01
-1.003708379277208884e+01
3.913813495457948655e+00
1.208935944319253153e+01
6.197021588131660152e+00
1.746934988720031612e+00
2.178855779709161666e+00
-4.837558554338319272e-01
-2.176050310349857853e+00
-2.140686015760448591e+00
-8.332958714861652183e+00
-1.156815309476689535e+01
2.394012492271647419e-01
1.169112107628510877e+01
8.091823139843953072e+00
2.068741676994137357e+00
2.190257825393052471e+00
3.755552124312543372e-01
-2.194059603501077760e+00
-1.766138693427701245e+00
-6.434430890628885180e+00
-1.209295583880226843e+01
-3.459243317492534331e+00
1.028748390395602286e+01
9.891546046580213414e+00
2.839559745668413182e+00
2.018434690737500148e+00
1.173792834591849132e+00
-1.953338670819521727e+00
-1.749153713583620817e+00
-4.675596162192153571e+00
-1.167493329429817628e+01
-6.809940417184201067e+00
7.930531484247623553e+00
1.129976252658663505e+01
4.085118607343271258e+00
1.805337366676191158e+00
1.786400874159281837e+00
-1.435906786287804104e+00
-1.932565471883927799e+00
-3.262256388631312287e+00
-1.049324493774182976e+01
-9.490248051229631443e+00
4.802786262206199197e+00
1.203675584188119529e+01
5.731308625675286095e+00
1.725056745594467644e+00
2.135090084140302658e+00
-6.959530220005707424e-01
-2.139454208328471996e+00
-2.307411303787721302e+00
-8.808255337240240124e+00
-1.127249717656178873e+01
1.195008893718726206e+00
1.188741466922378187e+01
7.605635625013617229e+00
1.946982928693859805e+00
2.209231021191806921e+00
1.564004551752303795e-01
-2.211644225935094354e+00
-1.822539355005547757e+00
-6.915827705994271213e+00
-1.205332930359750421e+01
-2.533643159689074054e+00
1.074090898878097988e+01
9.457371085610926542e+00
2.596984032545573751e+00
2.072692948336162910e+00
9.832633148902834019e-01
-2.041706240512056958e+00
-1.727534560594135238e+00
-5.098541136111325756e+00
-1.186311923655578582e+01
-6.006684699285035123e+00
8.614966248564396523e+00
1.099366316931619281e+01
3.724282438751796320e+00
1.854270705303483036e+00
1.653018354579084193e+00
-1.592475455051635347e+00
-1.876502770639641327e+00
-3.582255305565581693e+00
-1.085415532771918912e+01
-8.884224735663785566e+00
5.660111730500840821e+00
1.192583388745697270e+01
5.280875681259766807e+00
1.723103618781905322e+00
2.073037562495000596e+00
-9.006780382054897505e-01
-2.093811084255940091e+00
-2.505249094381770458e+00
-9.270100669739989030e+00
-1.091086734548475867e+01
2.142647026514268305e+00
1.201803867420332850e+01
7.118196336567340410e+00
1.853527285887801135e+00
2.214130466158870991e+00
-6.444874845527669149e-02
-2.213077287291463247e+00
-1.904695727056699539e+00
-7.402419485385248521e+00
-1.194977068193194825e+01
-1.591190338735125831e+00
1.112979772158025860e+01
9.002613494979163633e+00
2.386027861890275936e+00
2.121401190404235138e+00
7.822885916412417595e-01
-2.111480994749171280e+00
-1.721972498274952024e+00
-5.541564365224043165e+00
-1.199745942887763306e+01
-5.164170940496891404e+00
9.244765192486314120e+00
1.064790995413475017e+01
3.391954704889147187e+00
1.908862929073626091e+00
1.503024593580716495e+00
-1.732910843169817028e+00
-1.824844797276339303e+00
-3.931416283935645239e+00
-1.117733046857353507e+01
-8.222118003274299980e+00
6.480346930682859607e+00
1.175966265103409647e+01
4.849186387023248557e+00
1.738377483227016906e+00
1.992413974373932639e+00
-1.095800889894243735e+00
-2.041547895053857253e+00
-2.734643871437460128e+00
-9.713464388589697407e+00
-1.048415704051830311e+01
3.076019408578383185e+00
1.208410602293729141e+01
6.634102398932775202e+00
1.786640767740745428e+00
2.203426820414660980e+00
-2.845994491408476712e-01
-2.199763493849647755e+00
-2.014471517947669543e+00
-7.889700253650472561e+00
-1.178093912764584061e+01
-6.381319418424684642e-01
1.145301393045436811e+01
8.532312907765122745e+00
2.206419182537567636e+00
2.162048119862677087e+00
5.729373153145287390e-01
-2.162810597953952030e+00
-1.735231875594652751e+00
-6.001354335743540602e+00
-1.207470706184637699e+01
-4.287702758832583783e+00
9.816605404343663466e+00
1.026716698871052813e+01
3.089574874903148860e+00
1.966117179428268136e+00
1.337645140021359147e+00
-1.856147590902418543e+00
-1.780608080841206808e+00
-4.308042231347644524e+00
-1.145823327598944807e+01
-7.507548933992200801e+00
7.258397519560570998e+00
1.154172582493818133e+01
4.439331288282538424e+00
1.768033830488802138e+00
1.893261920590957104e+00
-1.279348841411098947e+00
-1.985284376319986333e+00
-2.995621514603593383e+00
-1.013330962093439958e+01
-9.993840970488523823e+00
3.988964980507336833e+00
1.208727020638323424e+01
6.157719318519807139e+00
1.744288133084191728e+00
2.175894316301120845e+00
-5.016700588811187078e-01
-2.173401526655715621e+00
-2.153409512224675915e+00
-8.372958648112451385e+00
-1.154604636105943882e+01
3.191843926659820863e-01
1.171000434383750743e+01
8.051470996473931052e+00
2.057477609713234568e+00
2.192333974807886943e+00
3.574150862331730294e-01
-2.196170707896566210e+00
-1.769905740692071294e+00
-6.474243198420441381e+00
-1.209205321600378724e+01
-3.382903474330332116e+00
1.032769620265617228e+01
9.856273843344466101e+00
2.818138282626634794e+00
2.023103597010547094e+00
1.158361880722488246e+00
-1.961410573889334596e+00
-1.746808733436872707e+00
-4.710000630093842844e+00
-1.169258560229974364e+01
-6.744624920289126635e+00
7.989564311693293064e+00
1.127587874988035388e+01
4.054003050529999541e+00
1.809125270625850490e+00
1.775945142159777834e+00
-1.449539488792530584e+00
-1.927798358969768922e+00
-3.287775584010428798e+00
-1.052464748333524014e+01
-9.441967451386425125e+00
4.875515988764484554e+00
1.202970034904679508e+01
5.693138805718340301e+00
1.724169037137817106e+00
2.130623586418375570e+00
-7.133291188437066443e-01
-2.135964086864608369e+00
-2.322700629919967952e+00
-8.847325341667728438e+00
-1.124487272716580044e+01
1.274370634785925605e+00
1.190079652125235121e+01
7.564998730476109934e+00
1.938135730100349008e+00
2.210199885919883922e+00
1.380281438823481588e-01
-2.212363182009186247e+00
-1.828374296527913057e+00
-6.956239217966871280e+00
-1.204716333796880789e+01
-2.455663834334116835e+00
1.077580082871206635e+01
9.420191209215012407e+00
2.578197643925344007e+00
2.076999860967545075e+00
9.668868789198621361e-01
-2.048231071551735116e+00
-1.726418668633760367e+00
-5.134736066259202758e+00
-1.187641838480484502e+01
-5.937903814690331572e+00
8.669585529006958780e+00
1.096630199576264886e+01
3.695476815848860674e+00
1.858645535169900498e+00
1.641138214456867583e+00
-1.604811144893094177e+00
-1.871988262472842113e+00
-3.610258719748641099e+00
-1.088259195597456497e+01
-8.831144645315067265e+00
5.729954006982469039e+00
1.191405107830077270e+01
5.244140503250373619e+00
1.723756849427217741e+00
2.067029804768956591e+00
-9.173333677031951794e-01
-2.089673718311895634e+00
-2.523156856336038700e+00
-9.307823118016008479e+00
-1.087777735478045571e+01
2.221058962606112797e+00
1.202599069762108286e+01
7.077665538518905564e+00
1.846964791986539289e+00
2.213853401174695534e+00
-8.285434939001010135e-02
-2.212509517210743404e+00
-1.912765311499884380e+00
-7.443063650963289035e+00
-1.193820902525355088e+01
-1.512086830284253836e+00
1.115925221701390591e+01
8.963946052011317889e+00
2.369869910005047320e+00
2.125129534937735709e+00
7.651329764978592740e-01
-2.116458572615644851e+00
-1.722321558784178031e+00
-5.579288116501064820e+00
-1.200611909242402753e+01
-5.092353209630142707e+00
9.294674320315781557e+00
1.061745204939865417e+01
3.365595875805689197e+00
1.913573408865272496e+00
1.489811808290693484e+00
-1.743850123840120503e+00
-1.820833231372845029e+00
-3.961779332516609742e+00
-1.120241446279140263e+01
-8.164520821755084867e+00
6.546863244675008353e+00
1.174342756490022843e+01
4.814158021430170464e+00
1.740339607158693847e+00
1.984856070879099654e+00
-1.111564578486321286e+00
-2.036974690860261283e+00
-2.755188436341433622e+00
-9.749419043860944711e+00
-1.044570226472142949e+01
3.152962141762166937e+00
1.208674567037672709e+01
6.594050941975429403e+00
1.782204402428717138e+00
2.201789876163279036e+00
-3.028389028634599356e-01
-2.198039572527967778e+00
-2.024917018889984988e+00
-7.930191669441791547e+00
-1.176389472526281921e+01
-5.584302039578199484e-01
1.147696269986360917e+01
8.492576891935369687e+00
2.192848301195817307e+00
2.164997741061469583e+00
5.551815798322589091e-01
-2.166268026476985131e+00
-1.737269102463518067e+00
-6.040314447129380149e+00
-1.207847590666127147e+01
-4.213305280406920872e+00
9.861551156926923412e+00
1.023400969235550484e+01
3.065762762402653330e+00
1.970916023500696834e+00
1.323213747373264138e+00
-1.865614532373112144e+00
-1.777351415742829399e+00
-4.340603698341610084e+00
-1.147959752664810296e+01
-7.445758830372550818e+00
7.321180567121931659e+00
1.152134616425127156e+01
4.406249626208191827e+00
1.771062556205304617e+00
1.884172029410086768e+00
-1.294064647861755901e+00
-1.980501281309742900e+00
-3.018785677665924094e+00
-1.016707815362876843e+01
-9.950170343726323807e+00
4.063933026484161104e+00
1.208475892602041846e+01
6.118499190854010727e+00
1.741795807228582182e+00
2.172809483896040561e+00
-5.195466313406180703e-01
-2.170675686074627464e+00
-2.166344012363320637e+00
-8.412896895603639180e+00
-1.152347901047056489e+01
3.989527321663761672e-01
1.172842757185506102e+01
8.011079834949111245e+00
2.046419303820629310e+00
2.194323721189983090e+00
3.392480855205352586e-01
-2.198162408545289104e+00
-1.773838174125562883e+00
-6.514118915606701421e+00
-1.209071810727101592e+01
-3.306407673214279974e+00
1.036747076952113389e+01
9.820826675026351538e+00
2.796935792308442803e+00
2.027750959841253753e+00
1.142846146374725480e+00
-1.969354220925329635e+00
-1.744556924042713897e+00
-4.744563505018799532e+00
-1.170988687499174574e+01
-6.679005041111187424e+00
8.048241688213405354e+00
1.125169113610468408e+01
4.023073867332439768e+00
1.812971716619074414e+00
1.765367780306041912e+00
-1.463068444400690948e+00
-1.923042837861249410e+00
-3.313505653612664137e+00
-1.055581803983847777e+01
-9.393277170660409681e+00
4.948022534273126993e+00
1.202224126769451651e+01
5.655077394769901566e+00
1.723418288839399626e+00
2.126029656462565143e+00
-7.306519852870952958e-01
-2.132412359029693061e+00
-2.338206611645718080e+00
-8.886299066304234273e+00
-1.121679015246984967e+01
1.353673316183828135e+00
1.191372251016810324e+01
7.524355966654949768e+00
1.929484353909375116e+00
2.211069887720012339e+00
1.196454328121814015e-01
-2.212970528999007147e+00
-1.834389421749226923e+00
-6.996684402288431137e+00
-1.204055217379657705e+01
-2.377570966001850028e+00
1.081024335438307382e+01
9.382871308713474079e+00
2.559631033258205957e+00
2.081266623257441051e+00
9.504389646427624516e-01
-2.054626597163110802e+00
-1.725415998104796955e+00
-5.171068831641672858e+00
-1.188934138529289974e+01
-5.868853070966773444e+00
8.723823042300033137e+00
1.093866796267874975e+01
3.666870372318387084e+00
1.863057901496490754e+00
1.629143196158269635e+00
-1.617033951319822638e+00
-1.867506058631765109e+00
-3.638464037585347643e+00
-1.091076372692209695e+01
-8.777676751756311901e+00
5.799535463972549820e+00
1.190188626696775387e+01
5.207537595634427419e+00
1.724528182665614473e+00
2.060892831575237061e+00
-9.339207366891275619e-01
-2.085491738351463731e+00
-2.541284133285653279e+00
-9.345414304679339423e+00
-1.084423578174889613e+01
2.299368143430690736e+00
1.203349491657131409e+01
7.037160699524145357e+00
1.840585876375738561e+00
2.213467014553456735e+00
-1.012537062216545269e-01
-2.211840076763095908e+00
-1.921027864786050365e+00
-7.483710040841041966e+00
-1.192619316089027315e+01
-1.432913269455213356e+00
1.118824984289247659e+01
8.925173605725056802e+00
2.353929595870494218e+00
2.128800384846269544e+00
7.479203571647284887e-01
-2.121308058500255722e+00
-1.722802974411826948e+00
-5.617126476194156837e+00
-1.201438028066814923e+01
-5.020302676898591443e+00
9.344178890988160902e+00
1.058675382125225894e+01
3.339445967884103084e+00
1.918300617072525860e+00
1.476492823431373669e+00
-1.754669274238094712e+00
-1.816874953950395000e+00
-3.992332240660952714e+00
-1.122720219834007160e+01
-8.106561291354658749e+00
6.613083551937217308e+00
1.172683492063741717e+01
4.779283178213676209e+00
1.742399983921664175e+00
1.977169439068411361e+00
-1.127246689713198524e+00
-2.032375186349509200e+00
-2.775952456593382855e+00
-9.785207441061352540e+00
-1.040680648690253207e+01
3.229759397797750786e+00
1.208894931605572154e+01
6.554055636569458443e+00
1.777937297546195561e+00
2.200035270983431435e+00
-3.210555701488460589e-01
-2.196225953213722271e+00
-2.035566024324666490e+00
-7.970652460030927422e+00
-1.174639095742629280e+01
-4.787025685748845794e-01
1.150045109630563900e+01
8.452770598247036915e+00
2.179490090160961735e+00
2.167874012315255783e+00
5.373842458438600200e-01
-2.169600857161421370e+00
-1.739456603247624411e+00
-6.079363480383534579e+00
-1.208182701428012606e+01
-4.138714250118935567e+00
9.906073275781299259e+00
1.020064579661554660e+01
3.042166224903150251e+00
1.975711278168064355e+00
1.308686601734770250e+00
-1.874956125093533377e+00
-1.774168995663307102e+00
-4.373339959708427926e+00
-1.150063594633130037e+01
-7.383635192978000639e+00
7.383635192977747508e+00
1.150063594633233599e+01
4.373339959710701663e+00
1.774168995662642523e+00
1.874956125093795833e+00
-1.308686601734007748e+00
-1.975711278168617691e+00
-3.042166224903428251e+00
-1.020064579661495152e+01
-9.906073275781480447e+00
4.138714250115456572e+00
1.208182701428058614e+01
6.079363480383785046e+00
1.739456603246302802e+00
2.169600857161413821e+00
-5.373842458432486202e-01
-2.167874012315600840e+00
-2.179490090160738802e+00
-8.452770598244759626e+00
-1.150045109630543294e+01
4.787025685744076275e-01
1.174639095742579187e+01
7.970652460031386610e+00
2.035566024324118040e+00
2.196225953213441162e+00
3.210555701498104542e-01
-2.200035270983406122e+00
-1.777937297546839712e+00
-6.554055636569146692e+00
-1.208894931605489020e+01
-3.229759397798188658e+00
1.040680648690256049e+01
9.785207441061935185e+00
2.775952456592754025e+00
2.032375186348570839e+00
1.127246689713724104e+00
-1.977169439068214629e+00
-1.742399983921396389e+00
-4.779283178213617589e+00
-1.172683492063685762e+01
-6.613083551937518401e+00
8.106561291352479159e+00
1.122720219834183375e+01
3.992332240660871889e+00
1.816874953949747518e+00
1.754669274238642274e+00
-1.476492823430940682e+00
-1.918300617073117387e+00
-3.339445967884314026e+00
-1.058675382125165854e+01
-9.344178890990189501e+00
5.020302676898213079e+00
1.201438028066864838e+01
5.617126476194628459e+00
1.722802974411152155e+00
2.121308058500319671e+00
-7.479203571641397374e-01
-2.128800384846601723e+00
-2.353929595869362235e+00
-8.925173605724522119e+00
-1.118824984289233093e+01
1.432913269452146032e+00
1.192619316089059112e+01
7.483710040841454969e+00
1.921027864785462169e+00
2.211840076762964458e+00
1.012537062226293860e-01
-2.213467014553606393e+00
-1.840585876376356289e+00
-7.037160699523305141e+00
-1.203349491657094816e+01
-2.299368143431148592e+00
1.084423578174898495e+01
9.345414304680959461e+00
2.541284133285750535e+00
2.085491738351007651e+00
9.339207366896886686e-01
-2.060892831574951511e+00
-1.724528182666292153e+00
-5.207537595634299521e+00
-1.190188626696722096e+01
-5.799535463975204586e+00
8.777676751754036388e+00
1.091076372692269736e+01
3.638464037585200206e+00
1.867506058630512555e+00
1.617033951320206331e+00
-1.629143196157890827e+00
-1.863057901497113811e+00
-3.666870372318530080e+00
-1.093866796267678509e+01
-8.723823042300184127e+00
5.868853070966432384e+00
1.188934138529362450e+01
5.171068831641794539e+00
1.725415998104117943e+00
2.054626597163394131e+00
-9.504389646412922943e-01
-2.081266623257272741e+00
-2.559631033258251698e+00
-9.382871308713571779e+00
-1.081024335438425155e+01
2.377570966001393948e+00
1.204055217379694831e+01
6.996684402288794402e+00
1.834389421748001903e+00
2.212970528998810860e+00
-1.196454328115476029e-01
-2.211069887720453764e+00
-1.929484353911084416e+00
-7.524355966654010075e+00
-1.191372251016807127e+01
-1.353673316183625186e+00
1.121679015246883537e+01
8.886299066306523997e+00
2.338206611645263777e+00
2.132412359029292048e+00
7.306519852880088983e-01
-2.126029656462506967e+00
-1.723418288840746548e+00
-5.655077394769418397e+00
-1.202224126769347556e+01
-4.948022534275906992e+00
9.393277170660535802e+00
1.055581803983839961e+01
3.313505653612295987e+00
1.923042837860660326e+00
1.463068444401128820e+00
-1.765367780305721279e+00
-1.812971716620380924e+00
-4.023073867331369513e+00
-1.125169113610343530e+01
-8.048241688213966682e+00
6.679005041109152607e+00
1.170988687499170133e+01
4.744563505018710714e+00
1.744556924042719448e+00
1.969354220925711996e+00
-1.142846146373612815e+00
-2.027750959841764455e+00
-2.796935792308778090e+00
-9.820826675024791896e+00
-1.036747076952110902e+01
3.306407673213212828e+00
1.209071810727185436e+01
6.514118915607008731e+00
1.773838174125384137e+00
2.198162408545284663e+00
-3.392480855199095369e-01
-2.194323721190560850e+00
-2.046419303821174651e+00
-8.011079834948649392e+00
-1.172842757185480167e+01
-3.989527321694668616e-01
1.152347901046908696e+01
8.412896895604735192e+00
2.166344012362341864e+00
2.170675686074704736e+00
5.195466313405721070e-01
-2.172809483896048555e+00
-1.741795807229243209e+00
-6.118499190852480396e+00
-1.208475892601962798e+01
-4.063933026484574995e+00
9.950170343726295386e+00
1.016707815363004386e+01
3.018785677665417833e+00
1.980501281308633343e+00
1.294064647862765538e+00
-1.884172029409829197e+00
-1.771062556205749150e+00
-4.406249626208277093e+00
-1.152134616425069069e+01
-7.321180567124299543e+00
7.445758830372302128e+00
1.147959752664868560e+01
4.340603698341594097e+00
1.777351415741710738e+00
1.865614532374166856e+00
-1.323213747372270044e+00
-1.970916023500684178e+00
-3.065762762401729624e+00
-1.023400969235559010e+01
-9.861551156926964268e+00
4.213305280406511422e+00
1.207847590666220938e+01
6.040314447131243547e+00
1.737269102462854153e+00
2.166268026476983355e+00
-5.551815798306629635e-01
-2.164997741062179237e+00
-2.192848301196779648e+00
-8.492576891935472716e+00
-1.147696269986449380e+01
5.584302039537654139e-01
1.176389472526308744e+01
7.930191669442248958e+00
2.024917018889497822e+00
2.198039572527869190e+00
3.028389028642556324e-01
-2.201789876163537496e+00
-1.782204402430067836e+00
-6.594050941973002899e+00
-1.208674567037625636e+01
-3.152962141761023851e+00
1.044570226472079710e+01
9.749419043860854117e+00
2.755188436341086344e+00
2.036974690860060111e+00
1.111564578487147736e+00
-1.984856070878521006e+00
-1.740339607159369528e+00
-4.814158021429951972e+00
-1.174342756489876294e+01
-6.546863244674915094e+00
8.164520821755232305e+00
1.120241446279133690e+01
3.961779332517095131e+00
1.820833231372142258e+00
1.743850123840518407e+00
-1.489811808290162798e+00
-1.913573408866106940e+00
-3.365595875805895254e+00
-1.061745204939799692e+01
-9.294674320316858029e+00
5.092353209628647015e+00
1.200611909242458353e+01
5.579288116500968009e+00
1.722321558784690287e+00
2.116458572615772749e+00
-7.651329764972728542e-01
-2.125129534938144715e+00
-2.369869910005493630e+00
-8.963946052009664101e+00
-1.115925221701540693e+01
1.512086830284746330e+00
1.193820902525416905e+01
7.443063650965093814e+00
1.912765311499303067e+00
2.212509517210599075e+00
8.285434939013333611e-02
-2.213853401174884716e+00
-1.846964791987214083e+00
-7.077665538518139954e+00
-1.202599069762111839e+01
-2.221058962607231457e+00
1.087777735478054808e+01
9.307823118017221731e+00
2.523156856335877052e+00
2.089673718311058970e+00
9.173333677040715894e-01
-2.067029804768972134e+00
-1.723756849427216409e+00
-5.244140503248997831e+00
-1.191405107830004617e+01
-5.729954006981920145e+00
8.831144645314926933e+00
1.088259195597585816e+01
3.610258719750069289e+00
1.871988262471983022e+00
1.604811144893990793e+00
-1.641138214456575373e+00
-1.858645535169890284e+00
-3.695476815848355301e+00
-1.096630199576204312e+01
-8.669585529007409974e+00
5.937903814687184756e+00
1.187641838480537970e+01
5.134736066259318221e+00
1.726418668633383557e+00
2.048231071551872784e+00
-9.668868789187079482e-01
-2.076999860968486988e+00
-2.578197643924529103e+00
-9.420191209213204075e+00
-1.077580082871134337e+01
2.455663834333662088e+00
1.204716333796915606e+01
6.956239217967631561e+00
1.828374296527855325e+00
2.212363182008932672e+00
-1.380281438812042127e-01
-2.210199885920483442e+00
-1.938135730101488541e+00
-7.564998730474804312e+00
-1.190079652125204035e+01
-1.274370634785722656e+00
1.124487272716587150e+01
8.847325341668259568e+00
2.322700629920289472e+00
2.135964086864117650e+00
7.133291188442995034e-01
-2.130623586418324056e+00
-1.724169037138642668e+00
-5.693138805717361528e+00
-1.202970034904553742e+01
-4.875515988764298925e+00
9.441967451385599119e+00
1.052464748333672873e+01
3.287775584010956820e+00
1.927798358968823900e+00
1.449539488793343711e+00
-1.775945142159462531e+00
-1.809125270626499749e+00
-4.054003050529500385e+00
-1.127587874987854377e+01
-7.989564311696224941e+00
6.744624920288372572e+00
1.169258560229969923e+01
4.710000630094964613e+00
1.746808733436410410e+00
1.961410573889541986e+00
-1.158361880721969772e+00
-2.023103597011280286e+00
-2.818138282625712421e+00
-9.856273843344032670e+00
-1.032769620265547772e+01
3.382903474327696447e+00
1.209205321600463279e+01
6.474243198421581802e+00
1.769905740691511742e+00
2.196170707896583973e+00
-3.574150862322115207e-01
-2.192333974808177821e+00
-2.057477609713185718e+00
-8.051470996472254171e+00
-1.171000434383725519e+01
-3.191843926664594822e-01
1.154604636105981186e+01
8.372958648114725122e+00
2.153409512224521372e+00
2.173401526655039717e+00
5.016700588810727446e-01
-2.175894316301075104e+00
-1.744288133083660375e+00
-6.157719318520001650e+00
-1.208727020638247751e+01
-3.988964980509294822e+00
9.993840970486825626e+00
1.013330962093511012e+01
2.995621514603673763e+00
1.985284376318657173e+00
1.279348841412116577e+00
-1.893261920590980640e+00
-1.768033830488343838e+00
-4.439331288281438859e+00
-1.154172582493654176e+01
-7.258397519560833011e+00
7.507548933991957441e+00
1.145823327599050856e+01
4.308042231347067208e+00
1.780608080840102581e+00
1.856147590902990085e+00
-1.337645140019978252e+00
-1.966117179428379824e+00
-3.089574874903807000e+00
-1.026716698871071110e+01
-9.816605404344425523e+00
4.287702758832176997e+00
1.207470706184655818e+01
6.001354335744247592e+00
1.735231875593325812e+00
2.162810597954092362e+00
-5.729373153139205588e-01
-2.162048119863177575e+00
-2.206419182537784351e+00
-8.532312907764007193e+00
-1.145301393045430416e+01
6.381319418426725232e-01
1.178093912764537521e+01
7.889700253653037620e+00
2.014471517946526014e+00
2.199763493849378193e+00
2.845994491419828742e-01
-2.203426820414657872e+00
-1.786640767741459968e+00
-6.634102398932455458e+00
-1.208410602293643343e+01
-3.076019408581357695e+00
1.048415704051773822e+01
9.713464388589770238e+00
2.734643871436810869e+00
2.041547895053358097e+00
1.095800889894775754e+00
-1.992413974373747010e+00
-1.738377483227423248e+00
-4.849186387022327516e+00
-1.175966265103294361e+01
-6.480346930683646534e+00
8.222118003272489872e+00
1.117733046857349777e+01
3.931416283934996869e+00
1.824844797275694930e+00
1.732910843170447635e+00
-1.503024593579674661e+00
-1.908862929073854353e+00
-3.391954704889936778e+00
-1.064790995413341790e+01
-9.244765192486417149e+00
5.164170940495052875e+00
1.199745942887843597e+01
5.541564365224219912e+00
1.721972498274623398e+00
2.111480994749158402e+00
-7.822885916406571161e-01
-2.121401190404576198e+00
-2.386027861891320434e+00
-9.002613494978623621e+00
-1.112979772158012182e+01
1.591190338733025733e+00
1.194977068193187364e+01
7.402419485385797415e+00
1.904695727055533805e+00
2.213077287291403294e+00
6.444874845505915717e-02
-2.214130466158746646e+00
-1.853527285888982856e+00
-7.118196336566093407e+00
-1.201803867420310290e+01
-2.142647026514728381e+00
1.091086734548423820e+01
9.270100669741196953e+00
2.505249094380996411e+00
2.093811084255034594e+00
9.006780382054473399e-01
-2.073037562494861152e+00
-1.723103618781768542e+00
-5.280875681259627363e+00
-1.192583388745644690e+01
-5.660111730502620730e+00
8.884224735662874295e+00
1.085415532771976821e+01
3.582255305564838288e+00
1.876502770638157180e+00
1.592475455053036004e+00
-1.653018354578395854e+00
-1.854270705303871392e+00
-3.724282438751348678e+00
-1.099366316931626208e+01
-8.614966248564556395e+00
6.006684699283812989e+00
1.186311923655653899e+01
5.098541136112876515e+00
1.727534560593455781e+00
2.041706240512202175e+00
-9.832633148888272334e-01
-2.072692948337393481e+00
-2.596984032546296728e+00
-9.457371085611022465e+00
-1.074090898878154299e+01
2.533643159685107449e+00
1.205332930359826804e+01
6.915827705994218810e+00
1.822539355004877404e+00
2.211644225934960684e+00
-1.564004551747671945e-01
-2.209231021192427313e+00
-1.946982928694966031e+00
-7.605635625010888745e+00
-1.188741466922374812e+01
-1.195008893719486043e+00
1.127249717656079753e+01
8.808255337240138871e+00
2.307411303787256784e+00
2.139454208328080753e+00
6.959530220014903401e-01
-2.135090084140026878e+00
-1.725056745595995977e+00
-5.731308625674930823e+00
-1.203675584188019698e+01
-4.802786262208079471e+00
9.490248051230494752e+00
1.049324493774201805e+01
3.262256388631596948e+00
1.932565471883169517e+00
1.435906786288143167e+00
-1.786400874159031371e+00
-1.805337366677504551e+00
-4.085118607343334318e+00
-1.129976252658571667e+01
-7.930531484248843910e+00
6.809940417181270966e+00
1.167493329429909465e+01
4.675596162192066529e+00
1.749153713583287306e+00
1.953338670819801948e+00
-1.173792834591480094e+00
-2.018434690738331039e+00
-2.839559745668739588e+00
-9.891546046578808316e+00
-1.028748390395828061e+01
3.459243317490847680e+00
1.209295583880324187e+01
6.434430890630416400e+00
1.766138693426411166e+00
2.194059603501154143e+00
-3.755552124311326012e-01
-2.190257825393500113e+00
-2.068741676994251932e+00
-8.091823139843482338e+00
-1.169112107628485830e+01
-2.394012492302566852e-01
1.156815309476772669e+01
8.332958714862440885e+00
2.140686015759450722e+00
2.176050310349264549e+00
4.837558554346169659e-01
-2.178855779709246931e+00
-1.746934988720365567e+00
-6.197021588130755099e+00
-1.208935944319261679e+01
-3.913813495459302239e+00
1.003708379277200891e+01
1.009934306125805037e+01
2.972674108296342599e+00
1.990058912274954128e+00
1.264540148825235466e+00
-1.902225488878783288e+00
-1.765084548970122125e+00
-4.472583516132383252e+00
-1.156177258843543854e+01
-7.195288638345860299e+00
7.569002980140840720e+00
1.143654558026801027e+01
4.275656927598515011e+00
1.783937253048459848e+00
1.846555655200922796e+00
-1.351979845934742519e+00
-1.961316413438712658e+00
-3.113602125773931917e+00
-1.030011483917107995e+01
-9.771237462049271016e+00
4.361903339577615668e+00
1.207052196156960733e+01
5.962485375357060136e+00
1.733343482914500910e+00
2.159228193456124156e+00
-5.906501390140651564e-01
-2.159026408027131527e+00
-2.220203252653341064e+00
-8.571975772223789036e+00
-1.142860492542717665e+01
7.178040874741081767e-01
1.179752444437831649e+01
7.849180995693044949e+00
2.004228734813986890e+00
2.201396645054587431e+00
2.663385770364832261e-01
-2.204946715404211943e+00
-1.791247659799974024e+00
-6.674207561156510593e+00
-1.208102925123500881e+01
-2.998934711297172040e+00
1.052216977950201127e+01
9.677346382942408454e+00
2.714318880831735115e+00
2.046093228109187478e+00
1.079956710466543734e+00
-1.999843023061102620e+00
-1.736515296811706133e+00
-4.884366608022846279e+00
-1.177553804006011973e+01
-6.413537440583468197e+00
8.279350583130803187e+00
1.115195276751712150e+01
3.901244214955917222e+00
1.828907899862898923e+00
1.721851960387945635e+00
-1.516130386191885782e+00
-1.904170896946086211e+00
-3.418521761181301244e+00
-1.067812477357091439e+01
-9.194453267160763943e+00
5.235752692762977389e+00
1.198840303725102885e+01
5.503957254796768339e+00
1.721754240759189036e+00
2.106375136699043971e+00
-7.993859574264630119e-01
-2.117616742700807020e+00
-2.402403739711644448e+00
-9.041173022385098790e+00
-1.109988683149583366e+01
1.670220139484384081e+00
1.196087873636948551e+01
7.361780222730183176e+00
1.896818128825709771e+00
2.213542479374206007e+00
4.603829026512269718e-02
-2.214299001538797107e+00
-1.860274460971520050e+00
-7.158750499590131433e+00
-1.200963802959845594e+01
-2.064135944911569265e+00
1.094350505393559203e+01
9.232249880761685290e+00
2.487560719106445273e+00
2.097902366488472836e+00
8.839559364560278798e-01
-2.078916166289397793e+00
-1.722570104227110432e+00
-5.317741238289479533e+00
-1.193723278246320696e+01
-5.590011682071994947e+00
8.936915060344384543e+00
1.082545653023434618e+01
3.554454660422016410e+00
1.881047842640350298e+00
1.580027573110687200e+00
-1.664782978283401160e+00
-1.849935158923530443e+00
-3.753286290304214123e+00
-1.102074883730813148e+01
-8.559967262169989155e+00
6.075192746518272457e+00
1.184944593095383780e+01
5.062485859374742603e+00
1.728762033955950850e+00
2.035052105547900503e+00
-9.995671160701342650e-01
-2.068347391000200819e+00
-2.615990245902537925e+00
-9.494408017883765538e+00
-1.070556864662673746e+01
2.611505360797322872e+00
1.205905099093151911e+01
6.875452413904225679e+00
1.816883437486622732e+00
2.210812928034851410e+00
-1.747609836075753875e-01
-2.208164257280158527e+00
-1.956026869002027491e+00
-7.646263933785032663e+00
-1.187357645614518020e+01
-1.115591765322025086e+00
1.129966313839861947e+01
8.769091955754991119e+00
2.292338266933179547e+00
2.142881374120500837e+00
6.785249649686808660e-01
-2.139429401252347152e+00
-1.726082931549285160e+00
-5.769584754555125983e+00
-1.204340608511670752e+01
-4.729836591062403173e+00
9.538117314341750586e+00
1.046161319665328371e+01
3.236948675559476740e+00
1.937342471994810467e+00
1.422171178557350979e+00
-1.796734504978044100e+00
-1.801609754762018234e+00
-4.116419333987950679e+00
-1.132333996646596574e+01
-7.871145551265160023e+00
6.874948779305581681e+00
1.165693215994850007e+01
4.641351690494985860e+00
1.751590161703756365e+00
1.945138699957058570e+00
-1.189137959520766730e+00
-2.013745840959797029e+00
-2.861199978500259533e+00
-9.926640388491433598e+00
-1.024683501860011248e+01
3.535423729300045004e+00
1.209342719666431165e+01
6.394684383976962039e+00
1.762535716318148760e+00
2.191828545274935092e+00
-3.936671072998618182e-01
-2.188096397152206940e+00
-2.080212223195541110e+00
-8.132133453448783911e+00
-1.167177759976997464e+01
-1.596070019806450913e-01
1.158979918624312333e+01
8.292899949722405850e+00
2.128172930674780972e+00
2.178620825527647575e+00
4.658053522343149622e-01
-2.181694315141522900e+00
-1.749737771114722173e+00
-6.236403709355581526e+00
-1.209102524772378295e+01
-3.838481966651245525e+00
1.007989747432978334e+01
1.006518134228277361e+01
2.949943810019874491e+00
1.994823244084732439e+00
1.249639547211793822e+00
-1.911062439541900915e+00
-1.762216439269220114e+00
-4.506004859779467075e+00
-1.158148413049823588e+01
-7.131856532654325953e+00
7.630118466887170214e+00
1.141453684032268256e+01
4.243449135524301141e+00
1.787337192327871360e+00
1.836839094599958422e+00
-1.366216942498463149e+00
-1.956515398217651747e+00
-3.137844056995634734e+00
-1.033285040307248259e+01
-9.725448800820092998e+00
4.435903689744834288e+00
1.206592211047746233e+01
5.923709779452710933e+00
1.731602474418775683e+00
2.155520450615502792e+00
-6.083187425213266719e-01
-2.155933876508246527e+00
-2.234201011307033191e+00
-8.611562607419797288e+00
-1.140373585018701874e+01
7.974429480324822794e-01
1.181365098273094638e+01
7.808636670957347370e+00
1.994187865805749471e+00
2.202937967267188490e+00
2.480576570270451309e-01
-2.206350188094844622e+00
-1.796026332114034840e+00
-6.714363969122830511e+00
-1.207751425767698628e+01
-2.921711572299462656e+00
1.055973947459511564e+01
9.641067936925058035e+00
2.694213562585623833e+00
2.050609126853511821e+00
1.064033135930418705e+00
-2.007143105971844310e+00
-1.734754727630988702e+00
-4.919696998235107976e+00
-1.179105161095471566e+01
-6.346437624082687634e+00
8.336216332038839383e+00
1.112628392395345855e+01
3.871264224571306034e+00
1.833020787320231548e+00
1.710674017683794457e+00
-1.529128405409464264e+00
-1.899499034972182088e+00
-3.445296329266454460e+00
-1.070809375428944676e+01
-9.143740329711814496e+00
5.307095305148491704e+00
1.197895168591639070e+01
5.466468800430417829e+00
1.721665225838962421e+00
2.101140826118463423e+00
-8.164238353078447918e-01
-2.113777593510349107e+00
-2.418997811924778141e+00
-9.079621720150511166e+00
-1.106952004983171101e+01
1.749172582064022485e+00
1.197153382070246508e+01
7.321148531684110949e+00
1.889131518673273558e+00
2.213904200040903714e+00
2.762436221380207280e-02
-2.214359814023916684e+00
-1.867207405575582069e+00
-7.199325422311891209e+00
-1.200078797319774715e+01
-1.985529334079336738e+00
1.097568980828742369e+01
9.194273671668959480e+00
2.470091581965814687e+00
2.101946104639059509e+00
8.671682583165021274e-01
-2.084665693487766092e+00
-1.722157912190863893e+00
-5.354735264939238348e+00
-1.194824587137435756e+01
-5.519656926084424597e+00
8.989213681878686302e+00
1.079649826157291415e+01
3.526857628326526051e+00
1.885621740051828477e+00
1.567468203429533524e+00
-1.676431460812908725e+00
-1.845640644261713259e+00
-3.782487398509343013e+00
-1.104755636475077729e+01
-8.504590655408568622e+00
6.143424995948642220e+00
1.183540047758932268e+01
5.026572035655809678e+00
1.730099442493460815e+00
2.028268683874738798e+00
-1.015797134261041235e+00
-2.063964703234922204e+00
-2.635216310249146154e+00
-9.531299086784080998e+00
-1.066978064225214773e+01
2.689246864111122903e+00
1.206432934586186434e+01
6.835115877161972442e+00
1.811405370433125217e+00
2.209868570529225806e+00
-1.931083474324765958e-01
-2.207000571764998753e+00
-1.965268454188934921e+00
-7.686880931327160660e+00
-1.185928141112959366e+01
-1.036122925587697585e+00
1.132637027857091994e+01
8.729838097027752042e+00
2.277481133712735861e+00
2.146244245781978588e+00
6.610462238561912729e-01
-2.143641805227025188e+00
-1.727249103218259751e+00
-5.807965075677482325e+00
-1.204964943958578161e+01
-4.656670226197476836e+00
9.585573611060905108e+00
1.042975506105145023e+01
3.211853031421620930e+00
1.942127658768926013e+00
1.408333519153111446e+00
-1.806945577670803882e+00
-1.797944183977838506e+00
-4.147904005857878218e+00
-1.134660858329301902e+01
-7.811408880941193900e+00
6.939647274123336373e+00
1.163858442523938308e+01
4.607268784528484318e+00
1.754116370941216640e+00
1.936810864886469030e+00
-1.204396216877641868e+00
-2.009038654517687483e+00
-2.883058757093796665e+00
-9.961553976253735954e+00
-1.020575071922304033e+01
3.611441246847946651e+00
1.209346853491553198e+01
6.355006056177416873e+00
1.759095481312909603e+00
2.189476998621130654e+00
-4.117494172179989032e-01
-2.185850827078203995e+00
-2.091889948282568135e+00
-8.172399119039759796e+00
-1.165197377257288380e+01
-7.980535178868528035e-02
1.161098463807148207e+01
8.252785201134630100e+00
2.115869646470005083e+00
2.181111872746416491e+00
4.478198846273939715e-01
-2.184410379284814852e+00
-1.752697866154929951e+00
-6.275863376916585246e+00
-1.209226625483479367e+01
-3.762973801221526138e+00
1.012228070601988072e+01
1.003082733644203728e+01
2.927430949771367530e+00
1.999575732649620186e+00
1.234648024232444685e+00
-1.919772492924175733e+00
-1.759431225985625957e+00
-4.539593849137798287e+00
-1.160085814277584504e+01
-7.068103832641673634e+00
7.690892914200299302e+00
1.139220947172152165e+01
4.211420183059754407e+00
1.790806156685402106e+00
1.826998293185168265e+00
-1.380355518334011489e+00
-1.951715811501435471e+00
-3.162300189143933959e+00
-1.036537084581302537e+01
-9.679240918110863845e+00
4.509700489586869310e+00
1.206090903599555020e+01
5.885029745713318050e+00
1.730007389982490373e+00
2.151687022850230058e+00
-6.259418224348508586e-01
-2.152771807799052528e+00
-2.248412939475768813e+00
-8.651070531278525877e+00
-1.137840689822351337e+01
8.770448329094555628e-01
1.182931907739250654e+01
7.768070047006441214e+00
1.984348090357692218e+00
2.204386414948656281e+00
2.297580618577720335e-01
-2.207637880702678412e+00
-1.800978025234625468e+00
-6.754569150237663244e+00
-1.207355996968896683e+01
-2.844353523085828783e+00
1.059686514646486621e+01
9.604631962638370268e+00
2.674327993917003266e+00
2.055094035906623429e+00
1.048031271087292549e+00
-2.014314127693478618e+00
-1.733097450260391081e+00
-4.955175852324023467e+00
-1.180620126081778487e+01
-6.279050349816698073e+00
8.392713044340011308e+00
1.110032651451209951e+01
3.841477390696431016e+00
1.837181707996531799e+00
1.699377571202846937e+00
-1.542017883002945178e+00
-1.894849068723657659e+00
-3.472277672274850957e+00
-1.073781415156138053e+01
-9.092628191113469427e+00
5.378195632011987470e+00
1.196910716424297938e+01
5.429100999988604848e+00
1.721703885016083513e+00
2.095777906513967004e+00
-8.334009934973319877e-01
-2.109885154619911329e+00
-2.435810327184823265e+00
-9.117956672562339548e+00
-1.103869790780581006e+01
1.828044021114070272e+00
1.198173659368140775e+01
7.280527070828100022e+00
1.881634883094601474e+00
2.214161570156019998e+00
9.208352087900367050e-03
-2.214313724937635453e+00
-1.874327193343424014e+00
-7.239918488437040445e+00
-1.199148774059953837e+01
-1.906830816607703483e+00
1.100742096478873222e+01
9.156174962506678838e+00
2.452841514257323219e+00
2.105940847792852733e+00
8.503162071132033262e-01
-2.090286237238513589e+00
-1.721868641863433025e+00
-5.391855833882745586e+00
-1.195887128243334985e+01
-5.449050543569784466e+00
9.041118687869454718e+00
1.076728322955937678e+01
3.499465031880590438e+00
1.890222726675306442e+00
1.554798063331702007e+00
-1.687963190969212324e+00
-1.841388910580359140e+00
-3.811884770128529887e+00
-1.107408312790976268e+01
-8.448838538134131326e+00
6.211378505136938344e+00
1.182098490506465538e+01
4.990801445909244904e+00
1.731545133958486637e+00
2.021356008399215476e+00
-1.031952229678719357e+00
-2.059546407823349412e+00
-2.654662231247314708e+00
-9.568041374051313497e+00
-1.063354584358704180e+01
2.766864104011241388e+00
1.206916533982138162e+01
6.794820618999886541e+00
1.806103966611905864e+00
2.208810450652144652e+00
-2.114411663873070057e-01
-2.205740955983166884e+00
-1.974708571143522828e+00
-7.727483883359276717e+00
-1.184452909041057111e+01
-9.566060539280802910e-01
1.135261829111971466e+01
8.690496657750374609e+00
2.262839499239755803e+00
2.149541495815296077e+00
6.435180805227053158e-01
-2.147727579377394225e+00
-1.728556759537505538e+00
-5.846447455892841205e+00
-1.205548428817981943e+01
-4.583290432684421489e+00
9.632615337994927529e+00
1.039767333907637514e+01
3.186970021375736817e+00
1.946919335903677828e+00
1.394394673410748631e+00
-1.817033649736082168e+00
-1.794342402358765298e+00
-4.179571377583295444e+00
-1.136956590456580329e+01
-7.751323864130579722e+00
7.004033189264704973e+00
1.161989233301575375e+01
4.573348994083587193e+00
1.756730630531947224e+00
1.928355384493413371e+00
-1.219566577983731248e+00
-2.004314745013899834e+00
-2.905135836291369067e+00
-9.996283920680420820e+00
-1.016423220589422449e+01
3.687292417908431652e+00
1.209308112309685690e+01
6.315398270760385735e+00
1.755816648479073150e+00
2.187004444465451058e+00
-4.298007919164752444e-01
-2.183522264852020278e+00
-2.103775534542154269e+00
-8.212617311912090656e+00
-1.163170948073226185e+01
-4.778248070619351502e-13
